v1	I(V2)
0.000000000000000e+000	3.884256e+000
1.000000000000000e-002	3.881218e+000
2.000000000000000e-002	3.878115e+000
3.000000000000000e-002	3.874947e+000
4.000000000000000e-002	3.871713e+000
5.000000000000000e-002	3.868411e+000
6.000000000000001e-002	3.865041e+000
7.000000000000001e-002	3.861604e+000
8.000000000000000e-002	3.858097e+000
9.000000000000000e-002	3.854521e+000
9.999999999999999e-002	3.850875e+000
1.100000000000000e-001	3.847158e+000
1.200000000000000e-001	3.843370e+000
1.300000000000000e-001	3.839510e+000
1.400000000000000e-001	3.835579e+000
1.500000000000000e-001	3.831574e+000
1.600000000000000e-001	3.827497e+000
1.700000000000000e-001	3.823346e+000
1.800000000000000e-001	3.819122e+000
1.900000000000000e-001	3.814823e+000
2.000000000000000e-001	3.810450e+000
2.100000000000001e-001	3.806003e+000
2.200000000000001e-001	3.801480e+000
2.300000000000001e-001	3.796882e+000
2.400000000000001e-001	3.792209e+000
2.500000000000001e-001	3.787460e+000
2.600000000000001e-001	3.782636e+000
2.700000000000001e-001	3.777736e+000
2.800000000000001e-001	3.772760e+000
2.900000000000001e-001	3.767708e+000
3.000000000000001e-001	3.762580e+000
3.100000000000001e-001	3.757376e+000
3.200000000000001e-001	3.752096e+000
3.300000000000001e-001	3.746740e+000
3.400000000000001e-001	3.741308e+000
3.500000000000001e-001	3.735801e+000
3.600000000000002e-001	3.730218e+000
3.700000000000002e-001	3.724560e+000
3.800000000000002e-001	3.718826e+000
3.900000000000002e-001	3.713017e+000
4.000000000000002e-001	3.707134e+000
4.100000000000002e-001	3.701176e+000
4.200000000000002e-001	3.695144e+000
4.300000000000002e-001	3.689038e+000
4.400000000000002e-001	3.682858e+000
4.500000000000002e-001	3.676605e+000
4.600000000000002e-001	3.670279e+000
4.700000000000003e-001	3.663881e+000
4.800000000000003e-001	3.657410e+000
4.900000000000003e-001	3.650868e+000
5.000000000000002e-001	3.644255e+000
5.100000000000002e-001	3.637571e+000
5.200000000000002e-001	3.630817e+000
5.300000000000003e-001	3.623993e+000
5.400000000000003e-001	3.617100e+000
5.500000000000003e-001	3.610139e+000
5.600000000000003e-001	3.603109e+000
5.700000000000003e-001	3.596012e+000
5.800000000000003e-001	3.588848e+000
5.900000000000003e-001	3.581618e+000
6.000000000000003e-001	3.574322e+000
6.100000000000003e-001	3.566961e+000
6.200000000000003e-001	3.559536e+000
6.300000000000003e-001	3.552047e+000
6.400000000000004e-001	3.544495e+000
6.500000000000004e-001	3.536880e+000
6.600000000000004e-001	3.529204e+000
6.700000000000004e-001	3.521466e+000
6.800000000000004e-001	3.513669e+000
6.900000000000004e-001	3.505811e+000
7.000000000000004e-001	3.497895e+000
7.100000000000004e-001	3.489921e+000
7.200000000000004e-001	3.481889e+000
7.300000000000004e-001	3.473801e+000
7.400000000000004e-001	3.465656e+000
7.500000000000004e-001	3.457457e+000
7.600000000000005e-001	3.449203e+000
7.700000000000005e-001	3.440895e+000
7.800000000000005e-001	3.432534e+000
7.900000000000005e-001	3.424121e+000
8.000000000000005e-001	3.415657e+000
8.100000000000005e-001	3.407142e+000
8.200000000000005e-001	3.398578e+000
8.300000000000005e-001	3.389964e+000
8.400000000000005e-001	3.381302e+000
8.500000000000005e-001	3.372593e+000
8.600000000000005e-001	3.363837e+000
8.700000000000006e-001	3.355035e+000
8.800000000000006e-001	3.346188e+000
8.900000000000006e-001	3.337297e+000
9.000000000000006e-001	3.328362e+000
9.100000000000006e-001	3.319385e+000
9.200000000000006e-001	3.310366e+000
9.300000000000006e-001	3.301306e+000
9.400000000000006e-001	3.292205e+000
9.500000000000006e-001	3.283065e+000
9.600000000000006e-001	3.273887e+000
9.700000000000006e-001	3.264670e+000
9.800000000000007e-001	3.255417e+000
9.900000000000007e-001	3.246127e+000
1.000000000000001e+000	3.236802e+000
1.010000000000001e+000	3.227442e+000
1.020000000000001e+000	3.218048e+000
1.030000000000001e+000	3.208622e+000
1.040000000000001e+000	3.199162e+000
1.050000000000001e+000	3.189672e+000
1.060000000000001e+000	3.180151e+000
1.070000000000001e+000	3.170601e+000
1.080000000000001e+000	3.161021e+000
1.090000000000001e+000	3.151413e+000
1.100000000000001e+000	3.141778e+000
1.110000000000001e+000	3.132116e+000
1.120000000000001e+000	3.122428e+000
1.130000000000001e+000	3.112716e+000
1.140000000000001e+000	3.102979e+000
1.150000000000001e+000	3.093220e+000
1.160000000000001e+000	3.083437e+000
1.170000000000001e+000	3.073633e+000
1.180000000000001e+000	3.063808e+000
1.190000000000001e+000	3.053963e+000
1.200000000000001e+000	3.044098e+000
1.210000000000001e+000	3.034215e+000
1.220000000000001e+000	3.024315e+000
1.230000000000001e+000	3.014398e+000
1.240000000000001e+000	3.004465e+000
1.250000000000001e+000	2.994516e+000
1.260000000000001e+000	2.984554e+000
1.270000000000001e+000	2.974578e+000
1.280000000000001e+000	2.964589e+000
1.290000000000001e+000	2.954588e+000
1.300000000000001e+000	2.944577e+000
1.310000000000001e+000	2.934555e+000
1.320000000000001e+000	2.924524e+000
1.330000000000001e+000	2.914485e+000
1.340000000000001e+000	2.904438e+000
1.350000000000001e+000	2.894385e+000
1.360000000000001e+000	2.884325e+000
1.370000000000001e+000	2.874261e+000
1.380000000000001e+000	2.864192e+000
1.390000000000001e+000	2.854120e+000
1.400000000000001e+000	2.844046e+000
1.410000000000001e+000	2.833971e+000
1.420000000000001e+000	2.823895e+000
1.430000000000001e+000	2.813819e+000
1.440000000000001e+000	2.803745e+000
1.450000000000001e+000	2.793673e+000
1.460000000000001e+000	2.783604e+000
1.470000000000001e+000	2.773539e+000
1.480000000000001e+000	2.763479e+000
1.490000000000001e+000	2.753426e+000
1.500000000000001e+000	2.743379e+000
1.510000000000001e+000	2.733340e+000
1.520000000000001e+000	2.723310e+000
1.530000000000001e+000	2.713290e+000
1.540000000000001e+000	2.703281e+000
1.550000000000001e+000	2.693285e+000
1.560000000000001e+000	2.683301e+000
1.570000000000001e+000	2.673331e+000
1.580000000000001e+000	2.663377e+000
1.590000000000001e+000	2.653438e+000
1.600000000000001e+000	2.643517e+000
1.610000000000001e+000	2.633615e+000
1.620000000000001e+000	2.623732e+000
1.630000000000001e+000	2.613870e+000
1.640000000000001e+000	2.604030e+000
1.650000000000001e+000	2.594213e+000
1.660000000000001e+000	2.584420e+000
1.670000000000001e+000	2.574653e+000
1.680000000000001e+000	2.564913e+000
1.690000000000001e+000	2.555201e+000
1.700000000000001e+000	2.545518e+000
1.710000000000001e+000	2.535866e+000
1.720000000000001e+000	2.526246e+000
1.730000000000001e+000	2.516659e+000
1.740000000000001e+000	2.507107e+000
1.750000000000001e+000	2.497592e+000
1.760000000000001e+000	2.488114e+000
1.770000000000001e+000	2.478675e+000
1.780000000000001e+000	2.469276e+000
1.790000000000001e+000	2.459920e+000
1.800000000000001e+000	2.450608e+000
1.810000000000001e+000	2.441341e+000
1.820000000000001e+000	2.432121e+000
1.830000000000001e+000	2.422949e+000
1.840000000000001e+000	2.413828e+000
1.850000000000001e+000	2.404759e+000
1.860000000000001e+000	2.395744e+000
1.870000000000001e+000	2.386784e+000
1.880000000000001e+000	2.377882e+000
1.890000000000002e+000	2.369040e+000
1.900000000000002e+000	2.360258e+000
1.910000000000002e+000	2.351540e+000
1.920000000000002e+000	2.342887e+000
1.930000000000002e+000	2.334301e+000
1.940000000000002e+000	2.325785e+000
1.950000000000002e+000	2.317341e+000
1.960000000000002e+000	2.308970e+000
1.970000000000002e+000	2.300675e+000
1.980000000000002e+000	2.292458e+000
1.990000000000002e+000	2.284321e+000
2.000000000000001e+000	2.276268e+000
2.010000000000001e+000	2.268299e+000
2.020000000000001e+000	2.260418e+000
2.030000000000001e+000	2.252627e+000
2.040000000000001e+000	2.244928e+000
2.050000000000000e+000	2.237324e+000
2.060000000000000e+000	2.229818e+000
2.070000000000000e+000	2.222412e+000
2.080000000000000e+000	2.215108e+000
2.089999999999999e+000	2.207909e+000
2.099999999999999e+000	2.200819e+000
2.109999999999999e+000	2.193838e+000
2.119999999999999e+000	2.186970e+000
2.129999999999999e+000	2.180218e+000
2.139999999999998e+000	2.173584e+000
2.149999999999998e+000	2.167070e+000
2.159999999999998e+000	2.160679e+000
2.169999999999998e+000	2.154413e+000
2.179999999999998e+000	2.148276e+000
2.189999999999997e+000	2.142268e+000
2.199999999999997e+000	2.136393e+000
2.209999999999997e+000	2.130651e+000
2.219999999999997e+000	2.125047e+000
2.229999999999996e+000	2.119580e+000
2.239999999999996e+000	2.114254e+000
2.249999999999996e+000	2.109069e+000
2.259999999999996e+000	2.104027e+000
2.269999999999996e+000	2.099128e+000
2.279999999999995e+000	2.094375e+000
2.289999999999995e+000	2.089768e+000
2.299999999999995e+000	2.085307e+000
2.309999999999995e+000	2.080993e+000
2.319999999999995e+000	2.076826e+000
2.329999999999994e+000	2.072805e+000
2.339999999999994e+000	2.068930e+000
2.349999999999994e+000	2.065201e+000
2.359999999999994e+000	2.061616e+000
2.369999999999993e+000	2.058174e+000
2.379999999999993e+000	2.054873e+000
2.389999999999993e+000	2.051713e+000
2.399999999999993e+000	2.048689e+000
2.409999999999993e+000	2.045801e+000
2.419999999999992e+000	2.043045e+000
2.429999999999992e+000	2.040419e+000
2.439999999999992e+000	2.037920e+000
2.449999999999992e+000	2.035544e+000
2.459999999999992e+000	2.033288e+000
2.469999999999991e+000	2.031149e+000
2.479999999999991e+000	2.029122e+000
2.489999999999991e+000	2.027205e+000
2.499999999999991e+000	2.025393e+000
2.509999999999991e+000	2.023681e+000
2.519999999999990e+000	2.022068e+000
2.529999999999990e+000	2.020547e+000
2.539999999999990e+000	2.019116e+000
2.549999999999990e+000	2.017770e+000
2.559999999999989e+000	2.016505e+000
2.569999999999989e+000	2.015317e+000
2.579999999999989e+000	2.014204e+000
2.589999999999989e+000	2.013160e+000
2.599999999999989e+000	2.012182e+000
2.609999999999988e+000	2.011267e+000
2.619999999999988e+000	2.010412e+000
2.629999999999988e+000	2.009612e+000
2.639999999999988e+000	2.008864e+000
2.649999999999988e+000	2.008167e+000
2.659999999999987e+000	2.007516e+000
2.669999999999987e+000	2.006909e+000
2.679999999999987e+000	2.006343e+000
2.689999999999987e+000	2.005816e+000
2.699999999999986e+000	2.005325e+000
2.709999999999986e+000	2.004868e+000
2.719999999999986e+000	2.004443e+000
2.729999999999986e+000	2.004047e+000
2.739999999999986e+000	2.003679e+000
2.749999999999985e+000	2.003337e+000
2.759999999999985e+000	2.003019e+000
2.769999999999985e+000	2.002723e+000
2.779999999999985e+000	2.002449e+000
2.789999999999985e+000	2.002194e+000
2.799999999999984e+000	2.001957e+000
2.809999999999984e+000	2.001737e+000
2.819999999999984e+000	2.001533e+000
2.829999999999984e+000	2.001343e+000
2.839999999999983e+000	2.001167e+000
2.849999999999983e+000	2.001004e+000
2.859999999999983e+000	2.000853e+000
2.869999999999983e+000	2.000712e+000
2.879999999999983e+000	2.000581e+000
2.889999999999982e+000	2.000460e+000
2.899999999999982e+000	2.000348e+000
2.909999999999982e+000	2.000244e+000
2.919999999999982e+000	2.000147e+000
2.929999999999982e+000	2.000057e+000
2.939999999999981e+000	1.999974e+000
2.949999999999981e+000	1.999897e+000
2.959999999999981e+000	1.999825e+000
2.969999999999981e+000	1.999758e+000
2.979999999999980e+000	1.999697e+000
2.989999999999980e+000	1.999639e+000
2.999999999999980e+000	1.999586e+000
3.009999999999980e+000	1.999536e+000
3.019999999999980e+000	1.999490e+000
3.029999999999979e+000	1.999448e+000
3.039999999999979e+000	1.999408e+000
3.049999999999979e+000	1.999371e+000
3.059999999999979e+000	1.999337e+000
3.069999999999979e+000	1.999305e+000
3.079999999999978e+000	1.999275e+000
3.089999999999978e+000	1.999247e+000
3.099999999999978e+000	1.999221e+000
3.109999999999978e+000	1.999197e+000
3.119999999999978e+000	1.999175e+000
3.129999999999977e+000	1.999154e+000
3.139999999999977e+000	1.999135e+000
3.149999999999977e+000	1.999116e+000
3.159999999999977e+000	1.999099e+000
3.169999999999976e+000	1.999083e+000
3.179999999999976e+000	1.999068e+000
3.189999999999976e+000	1.999054e+000
3.199999999999976e+000	1.999041e+000
3.209999999999976e+000	1.999028e+000
3.219999999999975e+000	1.999017e+000
3.229999999999975e+000	1.999006e+000
3.239999999999975e+000	1.998995e+000
3.249999999999975e+000	1.998986e+000
3.259999999999975e+000	1.998976e+000
3.269999999999974e+000	1.998967e+000
3.279999999999974e+000	1.998959e+000
3.289999999999974e+000	1.998951e+000
3.299999999999974e+000	1.998943e+000
3.309999999999973e+000	1.998936e+000
3.319999999999973e+000	1.998929e+000
3.329999999999973e+000	1.998922e+000
3.339999999999973e+000	1.998916e+000
3.349999999999973e+000	1.998910e+000
3.359999999999972e+000	1.998904e+000
3.369999999999972e+000	1.998898e+000
3.379999999999972e+000	1.998892e+000
3.389999999999972e+000	1.998887e+000
3.399999999999972e+000	1.998881e+000
3.409999999999971e+000	1.998876e+000
3.419999999999971e+000	1.998871e+000
3.429999999999971e+000	1.998866e+000
3.439999999999971e+000	1.998861e+000
3.449999999999970e+000	1.998856e+000
3.459999999999970e+000	1.998851e+000
3.469999999999970e+000	1.998846e+000
3.479999999999970e+000	1.998842e+000
3.489999999999970e+000	1.998837e+000
3.499999999999969e+000	1.998832e+000
3.509999999999969e+000	1.998827e+000
3.519999999999969e+000	1.998822e+000
3.529999999999969e+000	1.998818e+000
3.539999999999969e+000	1.998813e+000
3.549999999999968e+000	1.998808e+000
3.559999999999968e+000	1.998803e+000
3.569999999999968e+000	1.998798e+000
3.579999999999968e+000	1.998793e+000
3.589999999999967e+000	1.998788e+000
3.599999999999967e+000	1.998783e+000
3.609999999999967e+000	1.998778e+000
3.619999999999967e+000	1.998773e+000
3.629999999999967e+000	1.998767e+000
3.639999999999966e+000	1.998762e+000
3.649999999999966e+000	1.998756e+000
3.659999999999966e+000	1.998751e+000
3.669999999999966e+000	1.998745e+000
3.679999999999966e+000	1.998739e+000
3.689999999999965e+000	1.998733e+000
3.699999999999965e+000	1.998727e+000
3.709999999999965e+000	1.998721e+000
3.719999999999965e+000	1.998714e+000
3.729999999999965e+000	1.998708e+000
3.739999999999964e+000	1.998701e+000
3.749999999999964e+000	1.998694e+000
3.759999999999964e+000	1.998687e+000
3.769999999999964e+000	1.998680e+000
3.779999999999963e+000	1.998672e+000
3.789999999999963e+000	1.998665e+000
3.799999999999963e+000	1.998657e+000
3.809999999999963e+000	1.998649e+000
3.819999999999963e+000	1.998641e+000
3.829999999999962e+000	1.998633e+000
3.839999999999962e+000	1.998624e+000
3.849999999999962e+000	1.998615e+000
3.859999999999962e+000	1.998606e+000
3.869999999999962e+000	1.998597e+000
3.879999999999961e+000	1.998587e+000
3.889999999999961e+000	1.998577e+000
3.899999999999961e+000	1.998567e+000
3.909999999999961e+000	1.998557e+000
3.919999999999960e+000	1.998546e+000
3.929999999999960e+000	1.998535e+000
3.939999999999960e+000	1.998524e+000
3.949999999999960e+000	1.998512e+000
3.959999999999960e+000	1.998500e+000
3.969999999999959e+000	1.998488e+000
3.979999999999959e+000	1.998475e+000
3.989999999999959e+000	1.998462e+000
3.999999999999959e+000	1.998449e+000
4.009999999999959e+000	1.998435e+000
4.019999999999959e+000	1.998421e+000
4.029999999999959e+000	1.998406e+000
4.039999999999958e+000	1.998391e+000
4.049999999999958e+000	1.998375e+000
4.059999999999958e+000	1.998359e+000
4.069999999999958e+000	1.998343e+000
4.079999999999957e+000	1.998326e+000
4.089999999999957e+000	1.998308e+000
4.099999999999957e+000	1.998290e+000
4.109999999999957e+000	1.998272e+000
4.119999999999957e+000	1.998252e+000
4.129999999999956e+000	1.998233e+000
4.139999999999956e+000	1.998212e+000
4.149999999999956e+000	1.998191e+000
4.159999999999956e+000	1.998170e+000
4.169999999999956e+000	1.998148e+000
4.179999999999955e+000	1.998125e+000
4.189999999999955e+000	1.998101e+000
4.199999999999955e+000	1.998077e+000
4.209999999999955e+000	1.998052e+000
4.219999999999955e+000	1.998026e+000
4.229999999999954e+000	1.997999e+000
4.239999999999954e+000	1.997971e+000
4.249999999999954e+000	1.997943e+000
4.259999999999954e+000	1.997914e+000
4.269999999999953e+000	1.997884e+000
4.279999999999953e+000	1.997852e+000
4.289999999999953e+000	1.997820e+000
4.299999999999953e+000	1.997787e+000
4.309999999999953e+000	1.997753e+000
4.319999999999952e+000	1.997718e+000
4.329999999999952e+000	1.997682e+000
4.339999999999952e+000	1.997644e+000
4.349999999999952e+000	1.997606e+000
4.359999999999952e+000	1.997566e+000
4.369999999999951e+000	1.997525e+000
4.379999999999951e+000	1.997482e+000
4.389999999999951e+000	1.997439e+000
4.399999999999951e+000	1.997394e+000
4.409999999999950e+000	1.997347e+000
4.419999999999950e+000	1.997299e+000
4.429999999999950e+000	1.997250e+000
4.439999999999950e+000	1.997199e+000
4.449999999999950e+000	1.997146e+000
4.459999999999949e+000	1.997092e+000
4.469999999999949e+000	1.997036e+000
4.479999999999949e+000	1.996978e+000
4.489999999999949e+000	1.996919e+000
4.499999999999949e+000	1.996857e+000
4.509999999999948e+000	1.996794e+000
4.519999999999948e+000	1.996729e+000
4.529999999999948e+000	1.996661e+000
4.539999999999948e+000	1.996591e+000
4.549999999999947e+000	1.996520e+000
4.559999999999947e+000	1.996446e+000
4.569999999999947e+000	1.996369e+000
4.579999999999947e+000	1.996290e+000
4.589999999999947e+000	1.996209e+000
4.599999999999946e+000	1.996125e+000
4.609999999999946e+000	1.996039e+000
4.619999999999946e+000	1.995950e+000
4.629999999999946e+000	1.995857e+000
4.639999999999946e+000	1.995763e+000
4.649999999999945e+000	1.995665e+000
4.659999999999945e+000	1.995564e+000
4.669999999999945e+000	1.995459e+000
4.679999999999945e+000	1.995352e+000
4.689999999999944e+000	1.995241e+000
4.699999999999944e+000	1.995127e+000
4.709999999999944e+000	1.995009e+000
4.719999999999944e+000	1.994887e+000
4.729999999999944e+000	1.994762e+000
4.739999999999943e+000	1.994632e+000
4.749999999999943e+000	1.994499e+000
4.759999999999943e+000	1.994361e+000
4.769999999999943e+000	1.994219e+000
4.779999999999943e+000	1.994073e+000
4.789999999999942e+000	1.993922e+000
4.799999999999942e+000	1.993766e+000
4.809999999999942e+000	1.993605e+000
4.819999999999942e+000	1.993440e+000
4.829999999999942e+000	1.993269e+000
4.839999999999941e+000	1.993093e+000
4.849999999999941e+000	1.992912e+000
4.859999999999941e+000	1.992725e+000
4.869999999999941e+000	1.992532e+000
4.879999999999940e+000	1.992333e+000
4.889999999999940e+000	1.992128e+000
4.899999999999940e+000	1.991916e+000
4.909999999999940e+000	1.991699e+000
4.919999999999940e+000	1.991474e+000
4.929999999999939e+000	1.991243e+000
4.939999999999939e+000	1.991004e+000
4.949999999999939e+000	1.990758e+000
4.959999999999939e+000	1.990505e+000
4.969999999999939e+000	1.990244e+000
4.979999999999938e+000	1.989975e+000
4.989999999999938e+000	1.989698e+000
4.999999999999938e+000	1.989412e+000
5.009999999999938e+000	1.989118e+000
5.019999999999937e+000	1.988815e+000
5.029999999999937e+000	1.988503e+000
5.039999999999937e+000	1.988181e+000
5.049999999999937e+000	1.987850e+000
5.059999999999937e+000	1.987509e+000
5.069999999999936e+000	1.987157e+000
5.079999999999936e+000	1.986795e+000
5.089999999999936e+000	1.986423e+000
5.099999999999936e+000	1.986040e+000
5.109999999999936e+000	1.985645e+000
5.119999999999935e+000	1.985238e+000
5.129999999999935e+000	1.984820e+000
5.139999999999935e+000	1.984390e+000
5.149999999999935e+000	1.983946e+000
5.159999999999934e+000	1.983490e+000
5.169999999999934e+000	1.983021e+000
5.179999999999934e+000	1.982539e+000
5.189999999999934e+000	1.982042e+000
5.199999999999934e+000	1.981532e+000
5.209999999999933e+000	1.981006e+000
5.219999999999933e+000	1.980466e+000
5.229999999999933e+000	1.979911e+000
5.239999999999933e+000	1.979340e+000
5.249999999999933e+000	1.978753e+000
5.259999999999932e+000	1.978149e+000
5.269999999999932e+000	1.977529e+000
5.279999999999932e+000	1.976892e+000
5.289999999999932e+000	1.976237e+000
5.299999999999931e+000	1.975564e+000
5.309999999999931e+000	1.974873e+000
5.319999999999931e+000	1.974163e+000
5.329999999999931e+000	1.973434e+000
5.339999999999931e+000	1.972685e+000
5.349999999999930e+000	1.971917e+000
5.359999999999930e+000	1.971128e+000
5.369999999999930e+000	1.970318e+000
5.379999999999930e+000	1.969487e+000
5.389999999999930e+000	1.968634e+000
5.399999999999929e+000	1.967759e+000
5.409999999999929e+000	1.966862e+000
5.419999999999929e+000	1.965942e+000
5.429999999999929e+000	1.964998e+000
5.439999999999928e+000	1.964031e+000
5.449999999999928e+000	1.963039e+000
5.459999999999928e+000	1.962023e+000
5.469999999999928e+000	1.960982e+000
5.479999999999928e+000	1.959915e+000
5.489999999999927e+000	1.958822e+000
5.499999999999927e+000	1.957703e+000
5.509999999999927e+000	1.956557e+000
5.519999999999927e+000	1.955383e+000
5.529999999999927e+000	1.954183e+000
5.539999999999926e+000	1.952954e+000
5.549999999999926e+000	1.951696e+000
5.559999999999926e+000	1.950410e+000
5.569999999999926e+000	1.949094e+000
5.579999999999926e+000	1.947749e+000
5.589999999999925e+000	1.946374e+000
5.599999999999925e+000	1.944968e+000
5.609999999999925e+000	1.943531e+000
5.619999999999925e+000	1.942063e+000
5.629999999999924e+000	1.940564e+000
5.639999999999924e+000	1.939033e+000
5.649999999999924e+000	1.937469e+000
5.659999999999924e+000	1.935873e+000
5.669999999999924e+000	1.934244e+000
5.679999999999923e+000	1.932581e+000
5.689999999999923e+000	1.930885e+000
5.699999999999923e+000	1.929155e+000
5.709999999999923e+000	1.927391e+000
5.719999999999923e+000	1.925593e+000
5.729999999999922e+000	1.923759e+000
5.739999999999922e+000	1.921891e+000
5.749999999999922e+000	1.919987e+000
5.759999999999922e+000	1.918049e+000
5.769999999999921e+000	1.916074e+000
5.779999999999921e+000	1.914063e+000
5.789999999999921e+000	1.912016e+000
5.799999999999921e+000	1.909933e+000
5.809999999999921e+000	1.907814e+000
5.819999999999920e+000	1.905657e+000
5.829999999999920e+000	1.903464e+000
5.839999999999920e+000	1.901234e+000
5.849999999999920e+000	1.898967e+000
5.859999999999920e+000	1.896663e+000
5.869999999999919e+000	1.894322e+000
5.879999999999919e+000	1.891943e+000
5.889999999999919e+000	1.889527e+000
5.899999999999919e+000	1.887073e+000
5.909999999999918e+000	1.884582e+000
5.919999999999918e+000	1.882053e+000
5.929999999999918e+000	1.879487e+000
5.939999999999918e+000	1.876883e+000
5.949999999999918e+000	1.874241e+000
5.959999999999917e+000	1.871562e+000
5.969999999999917e+000	1.868846e+000
5.979999999999917e+000	1.866092e+000
5.989999999999917e+000	1.863300e+000
5.999999999999917e+000	1.860471e+000
6.009999999999916e+000	1.857605e+000
6.019999999999916e+000	1.854702e+000
6.029999999999916e+000	1.851761e+000
6.039999999999916e+000	1.848784e+000
6.049999999999915e+000	1.845770e+000
6.059999999999915e+000	1.842719e+000
6.069999999999915e+000	1.839631e+000
6.079999999999915e+000	1.836507e+000
6.089999999999915e+000	1.833347e+000
6.099999999999914e+000	1.830151e+000
6.109999999999914e+000	1.826919e+000
6.119999999999914e+000	1.823651e+000
6.129999999999914e+000	1.820348e+000
6.139999999999914e+000	1.817009e+000
6.149999999999913e+000	1.813635e+000
6.159999999999913e+000	1.810227e+000
6.169999999999913e+000	1.806784e+000
6.179999999999913e+000	1.803306e+000
6.189999999999913e+000	1.799794e+000
6.199999999999912e+000	1.796249e+000
6.209999999999912e+000	1.792669e+000
6.219999999999912e+000	1.789057e+000
6.229999999999912e+000	1.785411e+000
6.239999999999911e+000	1.781733e+000
6.249999999999911e+000	1.778021e+000
6.259999999999911e+000	1.774278e+000
6.269999999999911e+000	1.770503e+000
6.279999999999911e+000	1.766696e+000
6.289999999999910e+000	1.762858e+000
6.299999999999910e+000	1.758989e+000
6.309999999999910e+000	1.755089e+000
6.319999999999910e+000	1.751158e+000
6.329999999999910e+000	1.747198e+000
6.339999999999909e+000	1.743208e+000
6.349999999999909e+000	1.739188e+000
6.359999999999909e+000	1.735139e+000
6.369999999999909e+000	1.731061e+000
6.379999999999908e+000	1.726955e+000
6.389999999999908e+000	1.722821e+000
6.399999999999908e+000	1.718659e+000
6.409999999999908e+000	1.714469e+000
6.419999999999908e+000	1.710253e+000
6.429999999999907e+000	1.706010e+000
6.439999999999907e+000	1.701740e+000
6.449999999999907e+000	1.697444e+000
6.459999999999907e+000	1.693122e+000
6.469999999999907e+000	1.688775e+000
6.479999999999906e+000	1.684404e+000
6.489999999999906e+000	1.680007e+000
6.499999999999906e+000	1.675586e+000
6.509999999999906e+000	1.671141e+000
6.519999999999905e+000	1.666673e+000
6.529999999999905e+000	1.662181e+000
6.539999999999905e+000	1.657666e+000
6.549999999999905e+000	1.653129e+000
6.559999999999905e+000	1.648570e+000
6.569999999999904e+000	1.643989e+000
6.579999999999904e+000	1.639387e+000
6.589999999999904e+000	1.634763e+000
6.599999999999904e+000	1.630119e+000
6.609999999999904e+000	1.625455e+000
6.619999999999903e+000	1.620770e+000
6.629999999999903e+000	1.616066e+000
6.639999999999903e+000	1.611343e+000
6.649999999999903e+000	1.606600e+000
6.659999999999902e+000	1.601840e+000
6.669999999999902e+000	1.597061e+000
6.679999999999902e+000	1.592264e+000
6.689999999999902e+000	1.587450e+000
6.699999999999902e+000	1.582619e+000
6.709999999999901e+000	1.577772e+000
6.719999999999901e+000	1.572908e+000
6.729999999999901e+000	1.568028e+000
6.739999999999901e+000	1.563133e+000
6.749999999999901e+000	1.558223e+000
6.759999999999900e+000	1.553298e+000
6.769999999999900e+000	1.548358e+000
6.779999999999900e+000	1.543405e+000
6.789999999999900e+000	1.538438e+000
6.799999999999900e+000	1.533458e+000
6.809999999999899e+000	1.528465e+000
6.819999999999899e+000	1.523460e+000
6.829999999999899e+000	1.518442e+000
6.839999999999899e+000	1.513413e+000
6.849999999999898e+000	1.508373e+000
6.859999999999898e+000	1.503322e+000
6.869999999999898e+000	1.498260e+000
6.879999999999898e+000	1.493189e+000
6.889999999999898e+000	1.488108e+000
6.899999999999897e+000	1.483017e+000
6.909999999999897e+000	1.477918e+000
6.919999999999897e+000	1.472810e+000
6.929999999999897e+000	1.467695e+000
6.939999999999897e+000	1.462572e+000
6.949999999999896e+000	1.457442e+000
6.959999999999896e+000	1.452305e+000
6.969999999999896e+000	1.447162e+000
6.979999999999896e+000	1.442013e+000
6.989999999999895e+000	1.436859e+000
6.999999999999895e+000	1.431700e+000
7.009999999999895e+000	1.426536e+000
7.019999999999895e+000	1.421369e+000
7.029999999999895e+000	1.416198e+000
7.039999999999894e+000	1.411024e+000
7.049999999999894e+000	1.405847e+000
7.059999999999894e+000	1.400669e+000
7.069999999999894e+000	1.395488e+000
7.079999999999894e+000	1.390307e+000
7.089999999999893e+000	1.385125e+000
7.099999999999893e+000	1.379943e+000
7.109999999999893e+000	1.374762e+000
7.119999999999893e+000	1.369582e+000
7.129999999999892e+000	1.364403e+000
7.139999999999892e+000	1.359226e+000
7.149999999999892e+000	1.354052e+000
7.159999999999892e+000	1.348881e+000
7.169999999999892e+000	1.343714e+000
7.179999999999891e+000	1.338552e+000
7.189999999999891e+000	1.333394e+000
7.199999999999891e+000	1.328242e+000
7.209999999999891e+000	1.323097e+000
7.219999999999891e+000	1.317958e+000
7.229999999999890e+000	1.312827e+000
7.239999999999890e+000	1.307704e+000
7.249999999999890e+000	1.302590e+000
7.259999999999890e+000	1.297485e+000
7.269999999999889e+000	1.292391e+000
7.279999999999889e+000	1.287308e+000
7.289999999999889e+000	1.282236e+000
7.299999999999889e+000	1.277177e+000
7.309999999999889e+000	1.272132e+000
7.319999999999888e+000	1.267100e+000
7.329999999999888e+000	1.262084e+000
7.339999999999888e+000	1.257083e+000
7.349999999999888e+000	1.252099e+000
7.359999999999888e+000	1.247132e+000
7.369999999999887e+000	1.242184e+000
7.379999999999887e+000	1.237255e+000
7.389999999999887e+000	1.232346e+000
7.399999999999887e+000	1.227459e+000
7.409999999999887e+000	1.222594e+000
7.419999999999886e+000	1.217752e+000
7.429999999999886e+000	1.212934e+000
7.439999999999886e+000	1.208141e+000
7.449999999999886e+000	1.203375e+000
7.459999999999885e+000	1.198637e+000
7.469999999999885e+000	1.193927e+000
7.479999999999885e+000	1.189247e+000
7.489999999999885e+000	1.184598e+000
7.499999999999885e+000	1.179981e+000
7.509999999999884e+000	1.175398e+000
7.519999999999884e+000	1.170850e+000
7.529999999999884e+000	1.166337e+000
7.539999999999884e+000	1.161863e+000
7.549999999999884e+000	1.157427e+000
7.559999999999883e+000	1.153031e+000
7.569999999999883e+000	1.148678e+000
7.579999999999883e+000	1.144367e+000
7.589999999999883e+000	1.140101e+000
7.599999999999882e+000	1.135881e+000
7.609999999999882e+000	1.131709e+000
7.619999999999882e+000	1.127585e+000
7.629999999999882e+000	1.123513e+000
7.639999999999882e+000	1.119493e+000
7.649999999999881e+000	1.115527e+000
7.659999999999881e+000	1.111616e+000
7.669999999999881e+000	1.107763e+000
7.679999999999881e+000	1.103968e+000
7.689999999999881e+000	1.100234e+000
7.699999999999880e+000	1.096562e+000
7.709999999999880e+000	1.092953e+000
7.719999999999880e+000	1.089409e+000
7.729999999999880e+000	1.085932e+000
7.739999999999879e+000	1.082524e+000
7.749999999999879e+000	1.079185e+000
7.759999999999879e+000	1.075917e+000
7.769999999999879e+000	1.072721e+000
7.779999999999879e+000	1.069600e+000
7.789999999999878e+000	1.066553e+000
7.799999999999878e+000	1.063583e+000
7.809999999999878e+000	1.060689e+000
7.819999999999878e+000	1.057874e+000
7.829999999999878e+000	1.055138e+000
7.839999999999877e+000	1.052482e+000
7.849999999999877e+000	1.049906e+000
7.859999999999877e+000	1.047411e+000
7.869999999999877e+000	1.044997e+000
7.879999999999876e+000	1.042664e+000
7.889999999999876e+000	1.040413e+000
7.899999999999876e+000	1.038242e+000
7.909999999999876e+000	1.036153e+000
7.919999999999876e+000	1.034144e+000
7.929999999999875e+000	1.032215e+000
7.939999999999875e+000	1.030365e+000
7.949999999999875e+000	1.028593e+000
7.959999999999875e+000	1.026897e+000
7.969999999999875e+000	1.025277e+000
7.979999999999874e+000	1.023732e+000
7.989999999999874e+000	1.022259e+000
7.999999999999874e+000	1.020857e+000
8.009999999999874e+000	1.019525e+000
8.019999999999874e+000	1.018259e+000
8.029999999999873e+000	1.017059e+000
8.039999999999873e+000	1.015923e+000
8.049999999999873e+000	1.014847e+000
8.059999999999873e+000	1.013831e+000
8.069999999999872e+000	1.012871e+000
8.079999999999872e+000	1.011966e+000
8.089999999999872e+000	1.011113e+000
8.099999999999872e+000	1.010311e+000
8.109999999999872e+000	1.009556e+000
8.119999999999871e+000	1.008847e+000
8.129999999999871e+000	1.008181e+000
8.139999999999871e+000	1.007556e+000
8.149999999999871e+000	1.006971e+000
8.159999999999871e+000	1.006423e+000
8.169999999999870e+000	1.005910e+000
8.179999999999870e+000	1.005430e+000
8.189999999999870e+000	1.004982e+000
8.199999999999870e+000	1.004563e+000
8.209999999999869e+000	1.004172e+000
8.219999999999869e+000	1.003807e+000
8.229999999999869e+000	1.003467e+000
8.239999999999869e+000	1.003150e+000
8.249999999999869e+000	1.002854e+000
8.259999999999868e+000	1.002579e+000
8.269999999999868e+000	1.002322e+000
8.279999999999868e+000	1.002084e+000
8.289999999999868e+000	1.001862e+000
8.299999999999868e+000	1.001655e+000
8.309999999999867e+000	1.001463e+000
8.319999999999867e+000	1.001285e+000
8.329999999999867e+000	1.001119e+000
8.339999999999867e+000	1.000965e+000
8.349999999999866e+000	1.000822e+000
8.359999999999866e+000	1.000689e+000
8.369999999999866e+000	1.000565e+000
8.379999999999866e+000	1.000450e+000
8.389999999999866e+000	1.000344e+000
8.399999999999865e+000	1.000245e+000
8.409999999999865e+000	1.000153e+000
8.419999999999865e+000	1.000068e+000
8.429999999999865e+000	9.999888e-001
8.439999999999865e+000	9.999154e-001
8.449999999999864e+000	9.998471e-001
8.459999999999864e+000	9.997838e-001
8.469999999999864e+000	9.997250e-001
8.479999999999864e+000	9.996704e-001
8.489999999999863e+000	9.996198e-001
8.499999999999863e+000	9.995728e-001
8.509999999999863e+000	9.995291e-001
8.519999999999863e+000	9.994885e-001
8.529999999999863e+000	9.994507e-001
8.539999999999862e+000	9.994158e-001
8.549999999999862e+000	9.993832e-001
8.559999999999862e+000	9.993529e-001
8.569999999999862e+000	9.993248e-001
8.579999999999862e+000	9.992986e-001
8.589999999999861e+000	9.992743e-001
8.599999999999861e+000	9.992517e-001
8.609999999999861e+000	9.992306e-001
8.619999999999861e+000	9.992110e-001
8.629999999999860e+000	9.991927e-001
8.639999999999860e+000	9.991756e-001
8.649999999999860e+000	9.991597e-001
8.659999999999860e+000	9.991449e-001
8.669999999999860e+000	9.991310e-001
8.679999999999859e+000	9.991180e-001
8.689999999999859e+000	9.991059e-001
8.699999999999859e+000	9.990946e-001
8.709999999999859e+000	9.990840e-001
8.719999999999859e+000	9.990740e-001
8.729999999999858e+000	9.990647e-001
8.739999999999858e+000	9.990560e-001
8.749999999999858e+000	9.990478e-001
8.759999999999858e+000	9.990400e-001
8.769999999999858e+000	9.990327e-001
8.779999999999857e+000	9.990258e-001
8.789999999999857e+000	9.990193e-001
8.799999999999857e+000	9.990131e-001
8.809999999999857e+000	9.990073e-001
8.819999999999856e+000	9.990018e-001
8.829999999999856e+000	9.989966e-001
8.839999999999856e+000	9.989915e-001
8.849999999999856e+000	9.989868e-001
8.859999999999856e+000	9.989823e-001
8.869999999999855e+000	9.989779e-001
8.879999999999855e+000	9.989737e-001
8.889999999999855e+000	9.989697e-001
8.899999999999855e+000	9.989659e-001
8.909999999999855e+000	9.989621e-001
8.919999999999854e+000	9.989585e-001
8.929999999999854e+000	9.989551e-001
8.939999999999854e+000	9.989517e-001
8.949999999999854e+000	9.989485e-001
8.959999999999853e+000	9.989452e-001
8.969999999999853e+000	9.989421e-001
8.979999999999853e+000	9.989391e-001
8.989999999999853e+000	9.989361e-001
8.999999999999853e+000	9.989332e-001
9.009999999999852e+000	9.989303e-001
9.019999999999852e+000	9.989275e-001
9.029999999999852e+000	9.989247e-001
9.039999999999852e+000	9.989220e-001
9.049999999999852e+000	9.989192e-001
9.059999999999851e+000	9.989165e-001
9.069999999999851e+000	9.989138e-001
9.079999999999851e+000	9.989111e-001
9.089999999999851e+000	9.989085e-001
9.099999999999850e+000	9.989058e-001
9.109999999999850e+000	9.989032e-001
9.119999999999850e+000	9.989005e-001
9.129999999999850e+000	9.988978e-001
9.139999999999850e+000	9.988951e-001
9.149999999999849e+000	9.988924e-001
9.159999999999849e+000	9.988897e-001
9.169999999999849e+000	9.988870e-001
9.179999999999849e+000	9.988842e-001
9.189999999999849e+000	9.988815e-001
9.199999999999848e+000	9.988787e-001
9.209999999999848e+000	9.988759e-001
9.219999999999848e+000	9.988730e-001
9.229999999999848e+000	9.988701e-001
9.239999999999847e+000	9.988672e-001
9.249999999999847e+000	9.988642e-001
9.259999999999847e+000	9.988612e-001
9.269999999999847e+000	9.988582e-001
9.279999999999847e+000	9.988551e-001
9.289999999999846e+000	9.988519e-001
9.299999999999846e+000	9.988487e-001
9.309999999999846e+000	9.988455e-001
9.319999999999846e+000	9.988421e-001
9.329999999999846e+000	9.988388e-001
9.339999999999845e+000	9.988353e-001
9.349999999999845e+000	9.988319e-001
9.359999999999845e+000	9.988283e-001
9.369999999999845e+000	9.988247e-001
9.379999999999845e+000	9.988210e-001
9.389999999999844e+000	9.988172e-001
9.399999999999844e+000	9.988133e-001
9.409999999999844e+000	9.988094e-001
9.419999999999844e+000	9.988054e-001
9.429999999999843e+000	9.988013e-001
9.439999999999843e+000	9.987971e-001
9.449999999999843e+000	9.987928e-001
9.459999999999843e+000	9.987885e-001
9.469999999999843e+000	9.987840e-001
9.479999999999842e+000	9.987794e-001
9.489999999999842e+000	9.987747e-001
9.499999999999842e+000	9.987699e-001
9.509999999999842e+000	9.987650e-001
9.519999999999842e+000	9.987600e-001
9.529999999999841e+000	9.987548e-001
9.539999999999841e+000	9.987496e-001
9.549999999999841e+000	9.987441e-001
9.559999999999841e+000	9.987386e-001
9.569999999999840e+000	9.987329e-001
9.579999999999840e+000	9.987271e-001
9.589999999999840e+000	9.987211e-001
9.599999999999840e+000	9.987150e-001
9.609999999999840e+000	9.987087e-001
9.619999999999839e+000	9.987023e-001
9.629999999999839e+000	9.986957e-001
9.639999999999839e+000	9.986889e-001
9.649999999999839e+000	9.986819e-001
9.659999999999839e+000	9.986748e-001
9.669999999999838e+000	9.986674e-001
9.679999999999838e+000	9.986598e-001
9.689999999999838e+000	9.986521e-001
9.699999999999838e+000	9.986442e-001
9.709999999999837e+000	9.986359e-001
9.719999999999837e+000	9.986275e-001
9.729999999999837e+000	9.986189e-001
9.739999999999837e+000	9.986100e-001
9.749999999999837e+000	9.986009e-001
9.759999999999836e+000	9.985915e-001
9.769999999999836e+000	9.985819e-001
9.779999999999836e+000	9.985719e-001
9.789999999999836e+000	9.985617e-001
9.799999999999836e+000	9.985512e-001
9.809999999999835e+000	9.985405e-001
9.819999999999835e+000	9.985293e-001
9.829999999999835e+000	9.985179e-001
9.839999999999835e+000	9.985061e-001
9.849999999999834e+000	9.984940e-001
9.859999999999834e+000	9.984816e-001
9.869999999999834e+000	9.984687e-001
9.879999999999834e+000	9.984555e-001
9.889999999999834e+000	9.984419e-001
9.899999999999833e+000	9.984279e-001
9.909999999999833e+000	9.984135e-001
9.919999999999833e+000	9.983987e-001
9.929999999999833e+000	9.983834e-001
9.939999999999833e+000	9.983677e-001
9.949999999999832e+000	9.983515e-001
9.959999999999832e+000	9.983347e-001
9.969999999999832e+000	9.983175e-001
9.979999999999832e+000	9.982998e-001
9.989999999999832e+000	9.982815e-001
9.999999999999831e+000	9.982628e-001
1.000999999999983e+001	9.982433e-001
1.001999999999983e+001	9.982234e-001
1.002999999999983e+001	9.982028e-001
1.003999999999983e+001	9.981816e-001
1.004999999999983e+001	9.981598e-001
1.005999999999983e+001	9.981372e-001
1.006999999999983e+001	9.981140e-001
1.007999999999983e+001	9.980901e-001
1.008999999999983e+001	9.980654e-001
1.009999999999983e+001	9.980400e-001
1.010999999999983e+001	9.980138e-001
1.011999999999983e+001	9.979867e-001
1.012999999999983e+001	9.979589e-001
1.013999999999983e+001	9.979302e-001
1.014999999999983e+001	9.979006e-001
1.015999999999983e+001	9.978701e-001
1.016999999999983e+001	9.978386e-001
1.017999999999983e+001	9.978061e-001
1.018999999999983e+001	9.977727e-001
1.019999999999983e+001	9.977382e-001
1.020999999999983e+001	9.977026e-001
1.021999999999983e+001	9.976659e-001
1.022999999999983e+001	9.976281e-001
1.023999999999983e+001	9.975891e-001
1.024999999999983e+001	9.975489e-001
1.025999999999983e+001	9.975074e-001
1.026999999999983e+001	9.974646e-001
1.027999999999983e+001	9.974205e-001
1.028999999999983e+001	9.973750e-001
1.029999999999983e+001	9.973281e-001
1.030999999999983e+001	9.972797e-001
1.031999999999982e+001	9.972298e-001
1.032999999999982e+001	9.971783e-001
1.033999999999982e+001	9.971253e-001
1.034999999999982e+001	9.970705e-001
1.035999999999982e+001	9.970140e-001
1.036999999999982e+001	9.969558e-001
1.037999999999982e+001	9.968957e-001
1.038999999999982e+001	9.968338e-001
1.039999999999982e+001	9.967700e-001
1.040999999999982e+001	9.967040e-001
1.041999999999982e+001	9.966361e-001
1.042999999999982e+001	9.965661e-001
1.043999999999982e+001	9.964938e-001
1.044999999999982e+001	9.964193e-001
1.045999999999982e+001	9.963424e-001
1.046999999999982e+001	9.962631e-001
1.047999999999982e+001	9.961814e-001
1.048999999999982e+001	9.960971e-001
1.049999999999982e+001	9.960102e-001
1.050999999999982e+001	9.959205e-001
1.051999999999982e+001	9.958281e-001
1.052999999999982e+001	9.957328e-001
1.053999999999982e+001	9.956345e-001
1.054999999999982e+001	9.955332e-001
1.055999999999982e+001	9.954286e-001
1.056999999999982e+001	9.953209e-001
1.057999999999982e+001	9.952098e-001
1.058999999999982e+001	9.950953e-001
1.059999999999982e+001	9.949772e-001
1.060999999999982e+001	9.948554e-001
1.061999999999982e+001	9.947299e-001
1.062999999999982e+001	9.946005e-001
1.063999999999982e+001	9.944671e-001
1.064999999999982e+001	9.943296e-001
1.065999999999982e+001	9.941879e-001
1.066999999999982e+001	9.940419e-001
1.067999999999982e+001	9.938913e-001
1.068999999999982e+001	9.937361e-001
1.069999999999982e+001	9.935762e-001
1.070999999999982e+001	9.934114e-001
1.071999999999982e+001	9.932415e-001
1.072999999999982e+001	9.930665e-001
1.073999999999982e+001	9.928862e-001
1.074999999999982e+001	9.927005e-001
1.075999999999982e+001	9.925091e-001
1.076999999999982e+001	9.923118e-001
1.077999999999982e+001	9.921087e-001
1.078999999999981e+001	9.918995e-001
1.079999999999981e+001	9.916840e-001
1.080999999999981e+001	9.914620e-001
1.081999999999981e+001	9.912333e-001
1.082999999999981e+001	9.909980e-001
1.083999999999981e+001	9.907556e-001
1.084999999999981e+001	9.905059e-001
1.085999999999981e+001	9.902490e-001
1.086999999999981e+001	9.899845e-001
1.087999999999981e+001	9.897121e-001
1.088999999999981e+001	9.894318e-001
1.089999999999981e+001	9.891433e-001
1.090999999999981e+001	9.888464e-001
1.091999999999981e+001	9.885409e-001
1.092999999999981e+001	9.882265e-001
1.093999999999981e+001	9.879031e-001
1.094999999999981e+001	9.875703e-001
1.095999999999981e+001	9.872281e-001
1.096999999999981e+001	9.868761e-001
1.097999999999981e+001	9.865141e-001
1.098999999999981e+001	9.861419e-001
1.099999999999981e+001	9.857591e-001
1.100999999999981e+001	9.853656e-001
1.101999999999981e+001	9.849612e-001
1.102999999999981e+001	9.845454e-001
1.103999999999981e+001	9.841182e-001
1.104999999999981e+001	9.836791e-001
1.105999999999981e+001	9.832280e-001
1.106999999999981e+001	9.827647e-001
1.107999999999981e+001	9.822887e-001
1.108999999999981e+001	9.817998e-001
1.109999999999981e+001	9.812978e-001
1.110999999999981e+001	9.807823e-001
1.111999999999981e+001	9.802532e-001
1.112999999999981e+001	9.797100e-001
1.113999999999981e+001	9.791526e-001
1.114999999999981e+001	9.785807e-001
1.115999999999981e+001	9.779938e-001
1.116999999999981e+001	9.773918e-001
1.117999999999981e+001	9.767743e-001
1.118999999999981e+001	9.761411e-001
1.119999999999981e+001	9.754918e-001
1.120999999999981e+001	9.748263e-001
1.121999999999981e+001	9.741440e-001
1.122999999999981e+001	9.734449e-001
1.123999999999981e+001	9.727286e-001
1.124999999999981e+001	9.719947e-001
1.125999999999980e+001	9.712430e-001
1.126999999999980e+001	9.704733e-001
1.127999999999980e+001	9.696851e-001
1.128999999999980e+001	9.688783e-001
1.129999999999980e+001	9.680524e-001
1.130999999999980e+001	9.672074e-001
1.131999999999980e+001	9.663427e-001
1.132999999999980e+001	9.654583e-001
1.133999999999980e+001	9.645537e-001
1.134999999999980e+001	9.636288e-001
1.135999999999980e+001	9.626833e-001
1.136999999999980e+001	9.617168e-001
1.137999999999980e+001	9.607291e-001
1.138999999999980e+001	9.597200e-001
1.139999999999980e+001	9.586892e-001
1.140999999999980e+001	9.576365e-001
1.141999999999980e+001	9.565616e-001
1.142999999999980e+001	9.554642e-001
1.143999999999980e+001	9.543442e-001
1.144999999999980e+001	9.532014e-001
1.145999999999980e+001	9.520354e-001
1.146999999999980e+001	9.508460e-001
1.147999999999980e+001	9.496332e-001
1.148999999999980e+001	9.483966e-001
1.149999999999980e+001	9.471361e-001
1.150999999999980e+001	9.458514e-001
1.151999999999980e+001	9.445425e-001
1.152999999999980e+001	9.432091e-001
1.153999999999980e+001	9.418511e-001
1.154999999999980e+001	9.404683e-001
1.155999999999980e+001	9.390604e-001
1.156999999999980e+001	9.376276e-001
1.157999999999980e+001	9.361694e-001
1.158999999999980e+001	9.346860e-001
1.159999999999980e+001	9.331771e-001
1.160999999999980e+001	9.316425e-001
1.161999999999980e+001	9.300823e-001
1.162999999999980e+001	9.284962e-001
1.163999999999980e+001	9.268844e-001
1.164999999999980e+001	9.252465e-001
1.165999999999980e+001	9.235826e-001
1.166999999999980e+001	9.218926e-001
1.167999999999980e+001	9.201766e-001
1.168999999999980e+001	9.184343e-001
1.169999999999980e+001	9.166657e-001
1.170999999999980e+001	9.148709e-001
1.171999999999980e+001	9.130499e-001
1.172999999999979e+001	9.112025e-001
1.173999999999979e+001	9.093288e-001
1.174999999999979e+001	9.074288e-001
1.175999999999979e+001	9.055025e-001
1.176999999999979e+001	9.035499e-001
1.177999999999979e+001	9.015710e-001
1.178999999999979e+001	8.995659e-001
1.179999999999979e+001	8.975345e-001
1.180999999999979e+001	8.954771e-001
1.181999999999979e+001	8.933934e-001
1.182999999999979e+001	8.912837e-001
1.183999999999979e+001	8.891480e-001
1.184999999999979e+001	8.869863e-001
1.185999999999979e+001	8.847988e-001
1.186999999999979e+001	8.825854e-001
1.187999999999979e+001	8.803463e-001
1.188999999999979e+001	8.780816e-001
1.189999999999979e+001	8.757913e-001
1.190999999999979e+001	8.734756e-001
1.191999999999979e+001	8.711346e-001
1.192999999999979e+001	8.687683e-001
1.193999999999979e+001	8.663768e-001
1.194999999999979e+001	8.639604e-001
1.195999999999979e+001	8.615190e-001
1.196999999999979e+001	8.590529e-001
1.197999999999979e+001	8.565621e-001
1.198999999999979e+001	8.540468e-001
1.199999999999979e+001	8.515070e-001
1.200999999999979e+001	8.489431e-001
1.201999999999979e+001	8.463550e-001
1.202999999999979e+001	8.437428e-001
1.203999999999979e+001	8.411069e-001
1.204999999999979e+001	8.384473e-001
1.205999999999979e+001	8.357641e-001
1.206999999999979e+001	8.330575e-001
1.207999999999979e+001	8.303276e-001
1.208999999999979e+001	8.275747e-001
1.209999999999979e+001	8.247988e-001
1.210999999999979e+001	8.220001e-001
1.211999999999979e+001	8.191788e-001
1.212999999999979e+001	8.163350e-001
1.213999999999979e+001	8.134689e-001
1.214999999999979e+001	8.105806e-001
1.215999999999979e+001	8.076704e-001
1.216999999999979e+001	8.047382e-001
1.217999999999979e+001	8.017845e-001
1.218999999999979e+001	7.988092e-001
1.219999999999978e+001	7.958125e-001
1.220999999999978e+001	7.927948e-001
1.221999999999978e+001	7.897559e-001
1.222999999999978e+001	7.866962e-001
1.223999999999978e+001	7.836158e-001
1.224999999999978e+001	7.805150e-001
1.225999999999978e+001	7.773937e-001
1.226999999999978e+001	7.742522e-001
1.227999999999978e+001	7.710907e-001
1.228999999999978e+001	7.679093e-001
1.229999999999978e+001	7.647082e-001
1.230999999999978e+001	7.614876e-001
1.231999999999978e+001	7.582476e-001
1.232999999999978e+001	7.549884e-001
1.233999999999978e+001	7.517101e-001
1.234999999999978e+001	7.484128e-001
1.235999999999978e+001	7.450969e-001
1.236999999999978e+001	7.417623e-001
1.237999999999978e+001	7.384093e-001
1.238999999999978e+001	7.350381e-001
1.239999999999978e+001	7.316487e-001
1.240999999999978e+001	7.282414e-001
1.241999999999978e+001	7.248163e-001
1.242999999999978e+001	7.213734e-001
1.243999999999978e+001	7.179132e-001
1.244999999999978e+001	7.144355e-001
1.245999999999978e+001	7.109407e-001
1.246999999999978e+001	7.074288e-001
1.247999999999978e+001	7.039000e-001
1.248999999999978e+001	7.003544e-001
1.249999999999978e+001	6.967922e-001
1.250999999999978e+001	6.932136e-001
1.251999999999978e+001	6.896186e-001
1.252999999999978e+001	6.860074e-001
1.253999999999978e+001	6.823802e-001
1.254999999999978e+001	6.787371e-001
1.255999999999978e+001	6.750782e-001
1.256999999999978e+001	6.714038e-001
1.257999999999978e+001	6.677138e-001
1.258999999999978e+001	6.640084e-001
1.259999999999978e+001	6.602878e-001
1.260999999999978e+001	6.565521e-001
1.261999999999978e+001	6.528015e-001
1.262999999999978e+001	6.490360e-001
1.263999999999978e+001	6.452559e-001
1.264999999999978e+001	6.414611e-001
1.265999999999978e+001	6.376520e-001
1.266999999999977e+001	6.338285e-001
1.267999999999977e+001	6.299908e-001
1.268999999999977e+001	6.261390e-001
1.269999999999977e+001	6.222732e-001
1.270999999999977e+001	6.183937e-001
1.271999999999977e+001	6.145003e-001
1.272999999999977e+001	6.105934e-001
1.273999999999977e+001	6.066731e-001
1.274999999999977e+001	6.027393e-001
1.275999999999977e+001	5.987923e-001
1.276999999999977e+001	5.948321e-001
1.277999999999977e+001	5.908589e-001
1.278999999999977e+001	5.868728e-001
1.279999999999977e+001	5.828739e-001
1.280999999999977e+001	5.788622e-001
1.281999999999977e+001	5.748380e-001
1.282999999999977e+001	5.708013e-001
1.283999999999977e+001	5.667522e-001
1.284999999999977e+001	5.626908e-001
1.285999999999977e+001	5.586172e-001
1.286999999999977e+001	5.545316e-001
1.287999999999977e+001	5.504340e-001
1.288999999999977e+001	5.463244e-001
1.289999999999977e+001	5.422032e-001
1.290999999999977e+001	5.380702e-001
1.291999999999977e+001	5.339257e-001
1.292999999999977e+001	5.297695e-001
1.293999999999977e+001	5.256021e-001
1.294999999999977e+001	5.214233e-001
1.295999999999977e+001	5.172333e-001
1.296999999999977e+001	5.130322e-001
1.297999999999977e+001	5.088201e-001
1.298999999999977e+001	5.045970e-001
1.299999999999977e+001	5.003631e-001
1.300999999999977e+001	4.961183e-001
1.301999999999977e+001	4.918629e-001
1.302999999999977e+001	4.875969e-001
1.303999999999977e+001	4.833203e-001
1.304999999999977e+001	4.790334e-001
1.305999999999977e+001	4.747360e-001
1.306999999999977e+001	4.704284e-001
1.307999999999977e+001	4.661107e-001
1.308999999999977e+001	4.617828e-001
1.309999999999977e+001	4.574448e-001
1.310999999999977e+001	4.530970e-001
1.311999999999977e+001	4.487392e-001
1.312999999999977e+001	4.443716e-001
1.313999999999976e+001	4.399944e-001
1.314999999999976e+001	4.356074e-001
1.315999999999976e+001	4.312109e-001
1.316999999999976e+001	4.268049e-001
1.317999999999976e+001	4.223894e-001
1.318999999999976e+001	4.179646e-001
1.319999999999976e+001	4.135305e-001
1.320999999999976e+001	4.090872e-001
1.321999999999976e+001	4.046347e-001
1.322999999999976e+001	4.001732e-001
1.323999999999976e+001	3.957026e-001
1.324999999999976e+001	3.912231e-001
1.325999999999976e+001	3.867347e-001
1.326999999999976e+001	3.822374e-001
1.327999999999976e+001	3.777315e-001
1.328999999999976e+001	3.732168e-001
1.329999999999976e+001	3.686935e-001
1.330999999999976e+001	3.641616e-001
1.331999999999976e+001	3.596213e-001
1.332999999999976e+001	3.550725e-001
1.333999999999976e+001	3.505153e-001
1.334999999999976e+001	3.459498e-001
1.335999999999976e+001	3.413761e-001
1.336999999999976e+001	3.367941e-001
1.337999999999976e+001	3.322040e-001
1.338999999999976e+001	3.276058e-001
1.339999999999976e+001	3.229996e-001
1.340999999999976e+001	3.183855e-001
1.341999999999976e+001	3.137634e-001
1.342999999999976e+001	3.091334e-001
1.343999999999976e+001	3.044956e-001
1.344999999999976e+001	2.998501e-001
1.345999999999976e+001	2.951969e-001
1.346999999999976e+001	2.905360e-001
1.347999999999976e+001	2.858676e-001
1.348999999999976e+001	2.811916e-001
1.349999999999976e+001	2.765081e-001
1.350999999999976e+001	2.718172e-001
1.351999999999976e+001	2.671189e-001
1.352999999999976e+001	2.624133e-001
1.353999999999976e+001	2.577003e-001
1.354999999999976e+001	2.529801e-001
1.355999999999976e+001	2.482528e-001
1.356999999999976e+001	2.435183e-001
1.357999999999976e+001	2.387767e-001
1.358999999999976e+001	2.340280e-001
1.359999999999976e+001	2.292724e-001
1.360999999999975e+001	2.245097e-001
1.361999999999975e+001	2.197402e-001
1.362999999999975e+001	2.149638e-001
1.363999999999975e+001	2.101806e-001
1.364999999999975e+001	2.053906e-001
1.365999999999975e+001	2.005939e-001
1.366999999999975e+001	1.957905e-001
1.367999999999975e+001	1.909804e-001
1.368999999999975e+001	1.861638e-001
1.369999999999975e+001	1.813405e-001
1.370999999999975e+001	1.765108e-001
1.371999999999975e+001	1.716745e-001
1.372999999999975e+001	1.668319e-001
1.373999999999975e+001	1.619828e-001
1.374999999999975e+001	1.571274e-001
1.375999999999975e+001	1.522656e-001
1.376999999999975e+001	1.473976e-001
1.377999999999975e+001	1.425233e-001
1.378999999999975e+001	1.376429e-001
1.379999999999975e+001	1.327563e-001
1.380999999999975e+001	1.278635e-001
1.381999999999975e+001	1.229647e-001
1.382999999999975e+001	1.180598e-001
1.383999999999975e+001	1.131489e-001
1.384999999999975e+001	1.082320e-001
1.385999999999975e+001	1.033092e-001
1.386999999999975e+001	9.838042e-002
1.387999999999975e+001	9.344582e-002
1.388999999999975e+001	8.850539e-002
1.389999999999975e+001	8.355916e-002
1.390999999999975e+001	7.860716e-002
1.391999999999975e+001	7.364943e-002
1.392999999999975e+001	6.868600e-002
1.393999999999975e+001	6.371691e-002
1.394999999999975e+001	5.874219e-002
1.395999999999975e+001	5.376187e-002
1.396999999999975e+001	4.877599e-002
1.397999999999975e+001	4.378457e-002
1.398999999999975e+001	3.878766e-002
1.399999999999975e+001	3.378528e-002
1.400999999999975e+001	2.877746e-002
1.401999999999975e+001	2.376424e-002
1.402999999999975e+001	1.874564e-002
1.403999999999975e+001	1.372170e-002
1.404999999999975e+001	8.692445e-003
1.405999999999975e+001	3.657908e-003

